# Sample Info: sample name: Sample-1 | bar name: Bar | scan type: XAS-4.0.2

Flying Beamline Energy (763, 813, 0.1, 0)
EPU	Polarization
100	(686.8, 739.9, 0.1, 1)
190	(686.8, 739.9, 0.1, 1)
File
190	(686.8, 739.9, 0.1, 1)
100	(686.8, 739.9, 0.1, 1)
File
100	(686.8, 739.9, 0.1, 1)
190	(686.8, 739.9, 0.1, 1)
File
190	(686.8, 739.9, 0.1, 1)
100	(686.8, 739.9, 0.1, 1)
File
100	(686.8, 739.9, 0.1, 1)
190	(686.8, 739.9, 0.1, 1)
File
190	(686.8, 739.9, 0.1, 1)
100	(686.8, 739.9, 0.1, 1)
File
100	(686.8, 739.9, 0.1, 1)
190	(686.8, 739.9, 0.1, 1)
File
190	(686.8, 739.9, 0.1, 1)
100	(686.8, 739.9, 0.1, 1)
File
